"Species","PseudoSpeciesType","SpeciesDescriptionMBO","SpeciesDescriptionCMMN","SpeciesFrench","SpeciesScientific","AOUOrder","AOSCode","MBOBandingList","DETOrder","MBOMasterDETList","DETTempOrder","WingMaxMale","WingMinMale","WingMaxFemale","WingMinFemale","WeightMaxMale","WeightMinMale","WeightMaxFemale","WeightMinFemale","WingValidate","WeightValidate","MaxMultiCaptureSpan","SpeciesCategoryID","SpeciesDescriptionMBOPrefix","BandingSummaryOrder","SpeciesEnglish","SpeciesFrenchEx","SpeciesScientificEx","AOUTempOrder","PriorityCategory","SpeciesGroupID","SpeciesEnglishShort","SpeciesCode","SpeciesGroupsMBOChecklistID","SpeciesGroupSpeciesObservedAtMBOID"
"ABDU","Species","American Black Duck","American Black Duck","Canard noir","Anas rubripes",17.00,"1330",0,10.00,1,10,0,0,0,0,0,0,0,0,0,0,,,,,,,,17.00,,1,,,1,1
"AGWT","Species","(American) Green-winged Teal","Green-winged (American) Teal","Sarcelle d'hiver","Anas crecca carolinensis",18.00,"1390",0,12.00,1,12,0,0,0,0,0,0,0,0,0,0,,,,,"Green-winged Teal",,"Anas crecca",18.00,,1,,"GWTE",1,1
"ALFL","Species","Alder Flycatcher","Alder Flycatcher","Moucherolle des aulnes","Empidonax alnorum",114.00,"4661",1,82.00,1,82,77,68,74,66,0,0,0,0,0,0,,8,"*",31.00,,,,114.00,"A",5,,,18,10
"AMBI","Species","American Bittern","American Bittern","Butor d'Amérique","Botaurus lentiginosus",69.00,"1900",0,48.00,1,48,0,0,0,0,0,0,0,0,0,0,0,,"*",,,,,69.00,,2,,,4,2
"AMCR","Species","American Crow","American Crow","Corneille d'Amérique","Corvus brachyrhynchos",126.00,"4880",1,95.00,1,95,341,277,327,272,0,0,0,0,0,0,,10,"**",,,,,126.00,"D",8,,,20,12
"AMGO","Species","American Goldfinch","American Goldfinch","Chardonneret jaune","Spinus tristis",176.00,"5290",1,139.00,1,139,76,67,73,65,18,10,17,10,1,0,2780,22,"**",128.00,,,,176.00,,13,,,33,19
"AMKE","Species","American Kestrel","American Kestrel","Crécerelle d'Amérique","Falco sparverius",105.00,"3600",0,76.00,1,76,198,161,204,167,153,82,168,90,0,0,0,29,,6.00,,,,105.00,,4,,,17,6
"AMPI","Species","American Pipit","American Pipit","Pipit d'Amérique","Anthus rubescens",166.00,"6970",0,131.00,1,131,94,77,87,73,24,17,24,17,0,0,,17,,,,,,166.00,,,,,37,21
"AMRE","Species","American Redstart","American Redstart","Paruline flamboyante","Setophaga ruticilla",214.00,"6870",1,170.00,1,170,66,56,63,55,13,6,13,6,1,0,1494,18,"**",80.00,,,,214.00,"C",11,,,29,17
"AMRO","Species","American Robin","American Robin","Merle d'Amérique","Turdus migratorius",158.00,"7610",1,127.00,1,127,137,119,133,115,95,65,93,63,1,0,1734,15,"**",61.00,,,,158.00,"D",10,,,25,16
"AMWI","Species","American Wigeon","American Wigeon","Canard d'Amérique","Mareca americana",15.00,"1370",0,8.00,1,8,0,0,0,0,0,0,0,0,0,0,,,,,,,,15.00,,1,,,1,1
"AMWO","Species","American Woodcock","American Woodcock","Bécasse d'Amérique","Scolopax minor",53.00,"2280",1,36.00,1,36,129,118,142,129,186,105,233,128,0,0,0,3,"**",8.00,,,,53.00,,2,,,9,3
"ATBR","Species","Atlantic Brant","Atlantic Brant","Bernache cravant","Branta bernicla",6.00,"1730",0,193.00,1,193,342,300,330,283,0,0,0,0,0,0,,,,,"Brant",,,6.00,,1,,"BRAN",1,1
"ATSP","Species","American Tree Sparrow","American Tree Sparrow","Bruant hudsonien","Spizelloides arborea",183.00,"5590",1,143.00,1,143,78,67,78,67,27,10,24,15,1,0,2281,20,,101.00,,,,183.00,"B",12,"Am. Tree Sparrow",,30,18
"BAEA","Species","Bald Eagle","Bald Eagle","Pygargue à tête blanche","Haliaeetus leucocephalus",82.00,"3520",0,60.00,1,60,629,509,678,551,0,0,0,0,0,0,,,,,,,,82.00,,4,,,6,6
"BANS","Species","Bank Swallow","Bank Swallow","Hirondelle de rivage","Riparia riparia",130.00,"6160",1,103.00,1,103,106,95,105,94,19,13,18,12,0,0,0,11,,,,,,130.00,,6,,,21,13
"BAOR","Species","Baltimore Oriole","Baltimore Oriole","Oriole de Baltimore","Icterus galbula",196.00,"5070",1,156.00,1,156,98,86,94,82,45,28,42,25,1,0,3251,21,"**",117.00,,,,196.00,,14,,,32,20
"BARS","Species","Barn Swallow","Barn Swallow","Hirondelle rustique","Hirundo rustica",134.00,"6130",1,104.00,1,104,127,115,123,113,23,15,23,14,0,0,,11,,44.00,,,,134.00,"C",6,,,21,13
"BAWW","Species","Black-and-white Warbler","Black-and-white Warbler","Paruline noir et blanc","Mniotilta varia",206.00,"6360",1,163.00,1,163,72,59,70,59,17,8,17,8,1,0,765,18,,73.00,,,,206.00,"C",11,"Blk-and-white Warbler",,29,17
"BBCU","Species","Black-billed Cuckoo","Black-billed Cuckoo","Coulicou à bec noir","Coccyzus erythropthalmus",37.00,"3880",1,27.00,1,27,144,133,147,137,76,31,76,31,0,0,5,4,"**",10.00,,,,37.00,,4,,,12,9
"BBPL","Species","Black-bellied Plover","Black-bellied Plover","Pluvier argenté","Pluvialis squatarola",46.00,"2700",0,192.00,1,192,208,179,208,179,0,0,0,0,0,0,,,,,,,,46.00,,2,,,9,3
"BBWA","Species","Bay-breasted Warbler","Bay-breasted Warbler","Paruline à poitrine baie","Setophaga castanea",218.00,"6600",1,174.00,1,174,77,70,74,65,16,10,15,9,1,0,25,18,,84.00,,,,218.00,"A",11,,,29,17
"BBWO","Species","Black-backed Woodpecker","Black-backer Woodpecker","Pic à dos noir","Picoides arcticus",99.00,,0,230.00,1,230,,,,,,,,,0,0,,7,,19.50,,,,99.00,,3,,,16,8
"BCCH","Species","Black-capped Chickadee","Black-capped Chickadee","Mésange à tête noire","Poecile atricapillus",136.00,"7350",1,97.00,1,97,69,59,69,59,13,10,14,9,1,0,3382,12,"**",45.00,,,,136.00,"D",9,"Black-cap. Chickadee",,22,14
"BCNH","Species","Black-crowned Night-Heron","Black-crowned Night-Heron","Bihoreau gris","Nycticorax nycticorax",74.00,"2020",0,52.00,1,52,0,0,0,0,0,0,0,0,0,0,0,,,,,,,74.00,,2,,,4,2
"BDOW","Species","Barred Owl","Barred Owl","Chouette rayée","Strix varia",91.00,"3680",0,67.00,1,67,340,308,357,330,0,0,0,0,0,0,0,6,,15.00,,,,91.00,,4,,,13,7
"BEKI","Species","Belted Kingfisher","Belted Kingfisher","Martin-pêcheur d'Amérique","Megaceryle alcyon",97.00,"3900",1,69.00,1,69,169,145,171,149,195,110,187,105,0,0,,27,,18.50,,,,97.00,"D",4,,,36,9
"BGGN","Species","Blue-gray Gnatcatcher","Blue-gray Gnatcatcher","Gobemoucheron gris-bleu","Polioptila caerulea",147.00,"7510",0,111.00,1,111,56,49,53,46,7,5,7,5,0,0,,,,,,,,147.00,,9,,,24,14
"BHCO","Species","Brown-headed Cowbird","Brown-headed Cowbird","Vacher à tête brune","Molothrus ater",198.00,"4950",1,158.00,1,158,114,104,101,92,68,31,51,30,1,0,1431,21,"**",116.00,,,,198.00,,14,"Brown-head. Cowbird",,32,20
"BHVI","Species","Blue-headed Vireo","Blue-headed Vireo","Viréo à tête bleue","Vireo solitarius",121.00,"6290",1,89.00,1,89,76,62,76,62,20,12,20,12,1,0,30,9,"*",37.00,,,,121.00,"C",7,,,19,11
"BITH","Species","Bicknell's Thrush","Bicknell's Thrush","Grive de Bicknell","Catharus bicknelli",154.00,"7571",1,123.00,1,123,95,89,95,89,0,0,0,0,1,0,8,15,,57.00,,,,154.00,,10,,,25,16
"BLBW","Species","Blackburnian Warbler","Blackburnian Warbler","Paruline à gorge orangée","Setophaga fusca",219.00,"6620",1,175.00,1,175,70,64,66,61,16,7,13,7,1,0,,18,,85.00,,,,219.00,,11,,,29,17
"BLJA","Species","Blue Jay","Blue Jay","Geai bleu","Cyanocitta cristata",125.00,"4770",1,94.00,1,94,140,123,141,123,112,70,104,68,1,0,4067,10,"**",41.00,,,,125.00,,8,,,20,12
"BLPW","Species","Blackpoll Warbler","Blackpoll Warbler","Paruline rayée","Setophaga striata",222.00,"6610",1,178.00,1,178,77,66,76,66,21,10,21,9,1,0,12,18,,88.00,,,,222.00,"A",11,,,29,17
"BLSC","Species","Black Scoter","Black Scoter","Macreuse à bec jaune","Melanitta americana",25.00,"1630",0,17.00,1,17,0,0,0,0,0,0,0,0,0,0,,,,,,,,25.00,,,,,1,1
"BLTE","Species","Black Tern","Black Tern","Guifette noire","Chlidonias niger",64.00,"0770",0,197.00,1,197,224,196,218,190,78,0,78,0,0,0,,,,,,,,64.00,,2,,,10,4
"BOBO","Species","Bobolink","Bobolink","Goglu des prés","Dolichonyx oryzivorus",193.00,"4940",1,154.00,1,154,105,91,93,80,56,30,45,22,0,0,0,21,,112.00,,,,193.00,,14,,,32,20
"BOCH","Species","Boreal Chickadee","Boreal Chickadee","Mésange à tête brune","Poecile hudsonicus",137.00,"7400",1,212.00,1,212,70,58,69,52,12,8,12,8,0,0,,,,,,,,137.00,,9,,,22,14
"BOOW","Species","Boreal Owl","Boreal Owl","Nyctale de Tengmalm","Aegolius funereus",95.00,"3710",1,201.00,1,201,179,163,198,173,113,90,194,126,0,0,0,6,,17.00,,,,95.00,,4,,,13,7
"BOWA","Species","Bohemian Waxwing","Bohemian Waxwing","Jaseur boréal","Bombycilla garrulus",163.00,"6180",1,128.00,1,128,122,105,122,105,0,0,0,0,1,0,0,17,,67.00,,,,163.00,,10,,,27,21
"BRCR","Species","Brown Creeper","Brown Creeper","Grimpereau brun","Certhia americana",141.00,"7260",1,110.00,1,110,69,59,69,59,10,6,11,6,1,0,25,13,"*",48.00,,,,141.00,"D",9,,,23,14
"BRTH","Species","Brown Thrasher","Brown Thrasher","Moqueur roux","Toxostoma rufum",160.00,"7050",1,118.00,1,118,110,94,110,94,95,57,103,56,0,0,996,16,"**",63.00,,,,160.00,,10,,,26,16
"BRWA","Hybrid","Brewster's Warbler","Brewster's Warbler","Paruline de Brewster",,,,1,233.00,1,233,,,,,,,,,0,0,362,18,,,,,,,,11,,,,
"BTBW","Species","Black-throated Blue Warbler","Black-throated Blue Warbler","Paruline bleue","Setophaga caerulescens",223.00,"6540",1,179.00,1,179,68,60,63,57,14,8,14,7,1,0,1495,18,"**",89.00,,,,223.00,,11,"Blk-thr. Blue Warbler",,29,17
"BTNW","Species","Black-throated Green Warbler","Black-throated Green Warbler","Paruline à gorge noire","Setophaga virens",229.00,"6670",1,184.00,1,184,67,58,64,55,11,8,10,7,1,0,1429,18,,95.00,,,,229.00,"C",11,"Blk-thr. Green Warbler",,29,17
"BUFF","Species","Bufflehead","Bufflehead","Petit Garrot","Bucephala albeola",26.00,,0,231.00,1,231,,,,,,,,,0,0,,1,,,,,,26.00,,1,,,1,1
"BWHA","Species","Broad-winged Hawk","Broad-winged Hawk","Petite Buse","Buteo platypterus",84.00,"3430",1,62.00,1,62,282,246,296,258,387,295,559,381,0,0,,2,,5.00,,,,84.00,,4,,,6,6
"BWTE","Species","Blue-winged Teal","Blue-winged Teal","Sarcelle à ailes bleues","Spatula discors",11.00,"1400",0,5.00,1,5,0,0,0,0,0,0,0,0,0,0,,,,,,,,11.00,,1,,,1,1
"BWWA","Species","Blue-winged Warbler","Blue-winged Warbler","Paruline à ailes bleues","Vermivora cyanoptera",205.00,"6410",1,217.00,1,217,64,55,61,50,11,6,10,6,0,0,11,18,,72.00,,,,205.00,,11,,,29,17
"CACG","Species","Cackling Goose","Cackling Goose","Bernache de Hutchins","Branta hutchinsii",7.00,"1722",0,2.00,1,2,400,351,384,335,0,0,0,0,0,0,,,,,,,,7.00,,1,,,1,1
"CANG","Species","Canada Goose","Canada Goose","Bernache du Canada","Branta canadensis",8.00,"1720",0,3.00,1,3,548,422,525,400,0,0,0,0,0,0,0,,"**",,,,,8.00,,1,,,1,1
"CARW","Species","Carolina Wren","Carolina Wren","Troglodyte de Caroline","Thryothorus ludovicianus",146.00,"7180",1,115.00,1,115,67,56,62,52,23,16,20,15,0,0,0,13,,52.00,,,,146.00,,9,,,23,15
"CATE","Species","Caspian Tern","Caspian Tern","Sterne caspienne","Hydroprogne caspia",63.00,"0640",0,195.00,1,195,0,0,0,0,0,0,0,0,0,0,,,,,,,,63.00,,2,,,10,4
"CAWA","Species","Canada Warbler","Canada Warbler","Paruline du Canada","Cardellina canadensis",230.00,"6860",1,185.00,1,185,68,58,66,58,15,8,13,8,1,0,11,18,,96.00,,,,230.00,"C",11,,,29,17
"CCSP","Species","Clay-colored Sparrow","Clay-colored Sparrow","Bruant des plaines","Spizella pallida",180.00,"5610",0,216.00,1,216,67,59,62,56,14,9,14,9,0,0,,20,,,,,,180.00,,12,,,30,18
"CEDW","Species","Cedar Waxwing","Cedar Waxwing","Jaseur d'Amérique","Bombycilla cedrorum",164.00,"6190",1,129.00,1,129,99,85,99,85,40,26,46,27,1,0,1080,17,"**",66.00,,,,164.00,"D",10,,,27,21
"CHSP","Species","Chipping Sparrow","Chipping Sparrow","Bruant familier","Spizella passerina",179.00,"5600",1,141.00,1,141,73,62,73,62,15,10,15,11,1,0,994,20,"**",102.00,,,,179.00,"C",12,,,30,18
"CHSW","Species","Chimney Swift","Chimney Swift","Martinet ramoneur","Chaetura pelagica",40.00,"4230",1,29.00,1,29,134,122,136,123,29,17,29,17,0,0,0,,,,,,,40.00,,4,,,14,9
"CLSW","Species","Cliff Swallow","Cliff Swallow","Hirondelle à front blanc","Petrochelidon pyrrhonota",135.00,"6120",1,105.00,1,105,117,99,114,96,24,17,24,17,0,0,0,11,,,,,,135.00,"C",6,,,21,13
"CMWA","Species","Cape May Warbler","Cape May Warbler","Paruline tigrée","Setophaga tigrina",215.00,"6500",1,171.00,1,171,70,64,68,59,17,6,17,8,1,0,18,18,,81.00,,,,215.00,"A",11,,,29,17
"COGA","Species","Common Gallinule","Common Gallinule","Gallinule d'Amérique","Gallinula galeata",44.00,"2190",0,226.00,1,226,182,167,171,157,0,0,0,0,0,0,,,,,,,,44.00,,2,,,7,2
"COGO","Species","Common Goldeneye","Common Goldeneye","Garrot à oeil d'or","Bucephala clangula",27.00,"1510",0,225.00,1,225,,,,,,,,,0,0,,,,,,,,27.00,,1,,,1,1
"COGR","Species","Common Grackle","Common Grackle","Quiscale bronzé","Quiscalus quiscula",200.00,"5110",1,160.00,1,160,147,129,135,117,152,90,125,73,1,0,2569,21,"**",115.00,,,,200.00,"D",14,,,32,20
"COHA","Species","Cooper's Hawk","Cooper's Hawk","Épervier de Cooper","Accipiter cooperii",80.00,"3330",1,58.00,1,58,248,215,283,244,457,272,666,349,0,0,0,2,"*",3.00,,,,80.00,,4,,,6,6
"COLO","Species","Common Loon","Common Loon","Plongeon huard","Gavia immer",66.00,"0070",0,46.00,1,46,0,0,0,0,0,0,0,0,0,0,,,,,,,,66.00,,2,,,35,5
"COME","Species","Common Merganser","Common Merganser","Grand Harle","Mergus merganser",29.00,"1290",0,19.00,1,19,0,0,0,0,0,0,0,0,0,0,,,,,,,,29.00,,1,,,1,1
"CONI","Species","Common Nighthawk","Common Nighthawk","Engoulevent d'Amérique","Chordeiles minor",38.00,"4200",1,28.00,1,28,210,178,203,173,0,0,0,0,0,0,0,,,,,,,38.00,,4,,,14,9
"CONW","Species","Connecticut Warbler","Connecticut Warbler","Paruline à gorge grise","Oporornis agilis",210.00,"6780",1,167.00,1,167,75,65,73,63,22,10,21,10,0,0,9,18,,77.00,,,,210.00,,11,,,29,17
"CORA","Species","Common Raven","Common Raven","Grand Corbeau","Corvus corax",128.00,"4860",1,96.00,1,96,468,386,438,383,1400,1100,1300,1050,0,0,0,10,,,,,,128.00,,8,,,20,12
"CORE","Species","Common Redpoll","Common Redpoll","Sizerin flammé","Acanthis flammea",171.00,"5280",1,136.00,1,136,81,67,81,67,18,12,17,11,1,0,114,22,,125.00,,,,171.00,,13,,,33,19
"COTE","Species","Common Tern","Common Tern","Sterne pierregarin","Sterna hirundo",65.00,"0700",0,45.00,1,45,0,0,0,0,0,0,0,0,0,0,,,,,,,,65.00,,2,,,10,4
"COYE","Species","Common Yellowthroat","Common Yellowthroat","Paruline masquée","Geothlypis trichas",212.00,"6810",1,169.00,1,169,59,50,56,49,15,8,15,7,1,0,3259,18,"**",79.00,,,,212.00,"C",11,,,29,17
"CSWA","Species","Chestnut-sided Warbler","Chestnut-sided Warbler","Paruline à flancs marron","Setophaga pensylvanica",221.00,"6590",1,177.00,1,177,67,57,65,56,15,8,13,7,1,0,1846,18,"*",87.00,,,,221.00,,11,"Chest.-sided Warbler",,29,17
"DCCO","Species","Double-crested Cormorant","Double-crested Cormorant","Cormoran à aigrettes","Phalacrocorax auritus",68.00,"1200",0,47.00,1,47,0,0,0,0,0,0,0,0,0,0,,,,,,,,68.00,,2,,,4,5
"DOWO","Species","Downy Woodpecker","Downy Woodpecker","Pic mineur","Dryobates pubescens",101.00,"3940",1,72.00,1,72,100,84,101,86,39,22,37,21,1,0,3525,7,"**",21.00,,,,101.00,"D",3,,,16,8
"DUNL","Species","Dunlin","Dunlin","Bécasseau variable","Calidris alpina",49.00,"2430",0,224.00,1,224,125,102,128,106,72,40,72,40,0,0,,,,,,,,49.00,,2,,,9,3
"EABL","Species","Eastern Bluebird","Eastern Bluebird","Merlebleu de l'Est","Sialia sialis",150.00,"7660",1,120.00,1,120,109,95,104,91,40,25,35,24,0,0,0,15,"**",62.00,,,,150.00,,10,,,25,16
"EAKI","Species","Eastern Kingbird","Eastern Kingbird","Tyran tritri","Tyrannus tyrannus",109.00,"4440",1,88.00,1,88,123,108,123,108,0,0,0,0,1,0,1827,8,"**",29.00,,,,109.00,"C",5,,,18,10
"EAME","Species","Eastern Meadowlark","Eastern Meadowlark","Sturnelle des prés","Sturnella magna",194.00,"5010",1,155.00,1,155,130,109,116,96,139,99,107,70,0,0,,21,,,,,,194.00,,14,,,32,20
"EAPH","Species","Eastern Phoebe","Eastern Phoebe","Moucherolle phébi","Sayornis phoebe",117.00,"4560",1,86.00,1,86,89,74,89,74,25,17,23,15,1,0,1089,8,"**",27.00,,,,117.00,"D",5,,,18,10
"EASO","Species","Eastern Screech-Owl","Eastern Screech-Owl","Petit-duc maculé","Megascops asio",87.00,"3730",1,65.00,1,65,174,134,181,140,221,140,221,140,0,0,385,6,"*",14.00,,,,87.00,,4,,,13,7
"EATO","Species","Eastern Towhee","Eastern Towhee","Tohi à flancs roux","Pipilo erythrophthalmus",192.00,"5870",1,153.00,1,153,94,76,87,72,52,30,51,27,0,0,375,20,,100.00,,,,192.00,,12,,,30,18
"EAWP","Species","Eastern Wood-Pewee","Eastern Wood-Pewee","Pioui de l'Est","Contopus virens",111.00,"4610",1,80.00,1,80,88,77,88,77,18,12,17,11,1,0,0,8,"*",26.00,,,,111.00,,5,,,18,10
"EUST","Species","European Starling","European Starling","Étourneau sansonnet","Sturnus vulgaris",162.00,"4930",1,116.00,1,116,129,119,129,119,96,65,93,61,1,0,35,17,"*",65.00,,,,162.00,"D",14,,,27,21
"EVGR","Species","Evening Grosbeak","Evening Grosbeak","Gros-bec errant","Coccothraustes vespertinus",167.00,"5140",1,132.00,1,132,117,105,114,100,86,39,73,43,0,0,,22,,121.00,,,,167.00,,13,,,33,19
"EWCS","Species","(Eastern) White-crowned Sparrow","White-crowned Sparrow (Eastern)","Bruant à couronne blanche","Zonotrichia leucophrys leucophrys",185.00,"5541",1,146.00,1,146,83,71,83,71,33,24,31,22,1,0,23,20,,110.00,"White-crowned Sparrow",,"Zonotrichia leucophrys",185.00,"B",12,"White-cr. Sparrow","WCSP",30,18
"EWPW","Species","Eastern Whip-poor-will","Eastern Whip-poor-will","Engoulevent bois-pourri","Antrostomus vociferus",39.00,,0,229.00,1,229,,,,,,,,,0,0,,,,,,,,39.00,,4,,,14,9
"FICR","Species","Fish Crow","Fish Crow","Corneille de rivage","Corvus ossifragus",127.00,"4900",0,203.00,1,203,310,260,288,254,332,260,304,195,0,0,,,,,,,,127.00,,8,,,20,12
"FISP","Species","Field Sparrow","Field Sparrow","Bruant des champs","Spizella pusilla",181.00,"5630",1,142.00,1,142,72,61,66,54,16,10,16,10,0,0,6,20,,103.00,,,,181.00,,12,,,30,18
"FOSP","Species","Fox Sparrow","Fox Sparrow","Bruant fauve","Passerella iliaca",182.00,"5850",1,144.00,1,144,91,79,91,79,49,28,49,28,1,0,28,20,,104.00,,,,182.00,"B",12,,,30,18
"GADW","Species","Gadwall","Gadwall","Canard chipeau","Mareca strepera",14.00,"1350",0,7.00,1,7,0,0,0,0,0,0,0,0,0,0,,,,,,,,14.00,,1,,,1,1
"GBBG","Species","Great Black-backed Gull","Great Black-backed Gull","Goéland marin","Larus marinus",62.00,"0470",0,44.00,1,44,0,0,0,0,0,0,0,0,0,0,,,,,,,,62.00,,2,,,10,4
"GBHE","Species","Great Blue Heron","Great Blue Heron","Grand Héron","Ardea herodias",71.00,"1940",1,49.00,1,49,0,0,0,0,0,0,0,0,0,0,0,1,,,,,,71.00,,2,,,4,2
"GCFL","Species","Great Crested Flycatcher","Great Crested Flycatcher","Tyran huppé","Myiarchus crinitus",108.00,"4520",1,87.00,1,87,107,92,107,92,0,0,0,0,1,0,1165,8,"**",28.00,,,,108.00,,5,"Great Crest. Flycatcher",,18,10
"GCKI","Species","Golden-crowned Kinglet","Golden-crowned Kinglet","Roitelet à couronne dorée","Regulus satrapa",148.00,"7480",1,107.00,1,107,61,54,59,52,9,5,8,5,1,0,5,14,,53.00,,,,148.00,"D",9,"Golden-cr. Kinglet",,24,14
"GCTH","Species","Gray-cheeked Thrush","Gray-cheeked Thrush","Grive à joues grises","Catharus minimus",153.00,"7570",1,122.00,1,122,110,93,110,93,50,17,50,17,1,0,13,15,,56.00,,,,153.00,"A",10,,,25,16
"GGOW","Species","Great Gray Owl","Great Gray Owl","Chouette lapone","Strix nebulosa",92.00,"3700",0,199.00,1,199,447,402,465,419,0,0,0,0,0,0,,6,,,,,,92.00,,4,,,13,7
"GHOW","Species","Great Horned Owl","Great Horned Owl","Grand-duc d'Amérique","Bubo virginianus",88.00,"3750",1,66.00,1,66,384,313,408,331,0,0,0,0,0,0,,6,"*",,,,,88.00,,4,,,13,7
"GLGU","Species","Glaucous Gull","Glaucous Gull","Goéland bourgmestre","Larus hyperboreus",,,0,237.00,1,237,,,,,,,,,0,0,,,,,,,,,,2,,,10,4
"GOEA","Species","Golden Eagle","Golden Eagle","Aigle royal","Aquila chrysaetos",77.00,"3490",0,55.00,1,55,631,551,680,595,0,0,0,0,0,0,,2,,,,,,77.00,,4,,,6,6
"GRCA","Species","Gray Catbird","Gray Catbird","Moqueur chat","Dumetella carolinensis",159.00,"7040",1,117.00,1,117,94,82,94,82,50,30,46,28,1,0,2633,16,"**",64.00,,,,159.00,,10,,,26,16
"GREG","Species","Great Egret","Great Egret","Grande Aigrette","Ardea alba",72.00,"1960",0,50.00,1,50,0,0,0,0,0,0,0,0,0,0,,,,,,,,72.00,,2,,,4,2
"GRHE","Species","Green Heron","Green Heron","Héron vert","Butorides virescens",73.00,"2010",0,51.00,1,51,0,0,0,0,0,0,0,0,0,0,,28,"*",9.50,,,,73.00,,2,,,4,2
"GRSC","Species","Greater Scaup","Greater Scaup","Fuligule milouinan","Aythya marila",21.00,"1480",0,14.00,1,14,0,0,0,0,0,0,0,0,0,0,,,,,,,,21.00,,1,,,1,1
"GRSP","Species","Grasshopper Sparrow","Grasshopper Sparrow","Bruant sauterelle","Ammodramus savannarum",,,0,234.00,1,234,,,,,,,,,0,0,,,,,,,,,,,,,,
"GRYE","Species","Greater Yellowlegs","Greater Yellowlegs","Grand Chevalier","Tringa melanoleuca",58.00,"2540",0,40.00,1,40,198,177,200,179,0,0,0,0,0,0,,,,,,,,58.00,,2,,,9,3
"GSGO","Subspecies","Greater Snow Goose","Greater Snow Goose","Grande Oie des neiges","Anser caerulescens atlanticus",2.00,"1699",0,1.00,1,1,479,412,471,397,0,0,0,0,0,0,,,,,,,,2.00,,1,,,1,1
"GWFG","Species","Greater White-fronted Goose","Greater White-fronted Goose","Oie rieuse","Anser albifrons",5.00,"1710",0,194.00,1,194,465,367,450,351,0,0,0,0,0,0,,,,,,,,5.00,,1,,,1,1
"GWWA","Species","Golden-winged Warbler","Golden-winged Warbler","Paruline à ailes dorées","Vermivora chrysoptera",204.00,"6420",1,218.00,1,218,67,57,63,54,12,7,11,7,0,0,731,18,,71.00,,,,204.00,,11,,,29,17
"HAWO","Species","Hairy Woodpecker","Hairy Woodpecker","Pic chevelu","Dryobates villosus",102.00,"3930",1,73.00,1,73,127,117,126,114,89,62,79,56,1,0,3584,7,"**",22.00,,,,102.00,"D",3,,,16,8
"HERG","Species","Herring Gull","Herring Gull","Goéland argenté","Larus argentatus",60.00,"0510",0,43.00,1,43,0,0,0,0,0,0,0,0,0,0,,,,,,,,60.00,,2,,,10,4
"HETH","Species","Hermit Thrush","Hermit Thrush","Grive solitaire","Catharus guttatus",156.00,"7590",1,125.00,1,125,97,82,97,82,37,26,33,24,1,0,367,15,,59.00,,,,156.00,"D",10,,,25,16
"HOFI","Species","House Finch","House Finch","Roselin familier","Haemorhous mexicanus",169.00,"5190",1,134.00,1,134,82,72,80,71,26,18,26,18,1,0,1092,22,,123.00,,,,169.00,,13,,,33,19
"HOLA","Species","Horned Lark","Horned Lark","Alouette hausse-col","Eremophila alpestris",129.00,"4740",0,99.00,1,99,113,103,111,99,44,26,44,26,1,0,41,11,,,,,,129.00,,,,,21,21
"HOME","Species","Hooded Merganser","Hooded Merganser","Harle couronné","Lophodytes cucullatus",28.00,"1310",0,18.00,1,18,0,0,0,0,0,0,0,0,0,0,,,,,,,,28.00,,1,,,1,1
"HORE","Species","Hoary Redpoll","Hoary Redpoll","Sizerin blanchâtre","Acanthis hornemanni",172.00,"5270",1,191.00,1,191,90,68,87,67,16,10,16,10,0,0,1,22,,126.00,,,,172.00,,13,,,33,19
"HOSP","Species","House Sparrow","House Sparrow","Moineau domestique","Passer domesticus",165.00,"6882",1,130.00,1,130,85,71,81,67,35,20,35,21,0,0,489,23,"**",129.00,,,,165.00,,12,,,34,21
"HOWA","Species","Hooded Warbler","Hooded Warbler","Paruline à capuchon","Setophaga citrina",213.00,,1,213.00,1,213,,,,,,,,,0,0,,18,,79.50,,,,213.00,,11,,,29,17
"HOWR","Species","House Wren","House Wren","Troglodyte familier","Troglodytes aedon",142.00,"7210",1,112.00,1,112,54,48,53,46,13,9,12,8,1,0,2282,13,"**",49.00,,,,142.00,,9,,,23,15
"HUWH","Species","Hudsonian Whimbrel","Hudsonian Whimbrel","Courlis hudsonien","Numenius hudsonicus",,,0,236.00,1,236,,,,,,,,,0,0,,,,,,,,,,2,,,,3
"HYWA","Hybrid","Hybrid Warbler",,"Paruline hybride","Hybrid Warbler",232.00,"6366",1,214.00,1,214,,,,,,,,,0,0,,18,,98.00,,,,232.00,,11,,,29,17
"ICGU","Species","Iceland Gull","Iceland Gull","Goéland arctique","Larus glaucoides",61.00,"0430",0,223.00,1,223,0,0,0,0,0,0,0,0,0,0,,,,,,,,61.00,,2,,,10,4
"INBU","Species","Indigo Bunting","Indigo Bunting","Passerin indigo","Passerina cyanea",236.00,"5980",1,190.00,1,190,70,59,65,58,22,12,20,10,1,0,2887,30,"**",120.00,,,,236.00,,13,,,31,22
"KILL","Species","Killdeer","Killdeer","Pluvier kildir","Charadrius vociferus",47.00,"2730",1,34.00,1,34,167,151,170,154,130,30,130,30,0,0,0,,,,,,,47.00,,2,,,9,3
"LALO","Species","Lapland Longspur",,"Plectrophane lapon","Calcarius lapponicus",177.00,"5360",0,222.00,0,222,99,87,95,85,,,,,1,0,24,,,,,,,177.00,,,,,,
"LAWA","Hybrid","Lawrence's Warbler","Lawrence's Warbler","Paruline de Lawrence",,,,1,232.00,1,232,,,,,,,,,0,0,,18,,,,,,,,11,,,,
"LEBI","Species","Least Bittern","Least Bittern","Petit Blongios",,70.00,,0,228.00,1,228,,,,,,,,,0,0,,,,,,,,70.00,,2,,,4,2
"LEFL","Species","Least Flycatcher","Least Flycatcher","Moucherolle tchébec","Empidonax minimus",116.00,"4670",1,85.00,1,85,67,56,67,56,16,8,15,7,1,0,5,8,"*",34.00,,,,116.00,"C",5,,,18,10
"LEOW","Species","Long-eared Owl","Long-eared Owl","Hibou moyen-duc","Asio otus",93.00,"3660",1,202.00,1,202,302,265,308,272,368,226,368,226,0,0,0,6,,16.00,,,,93.00,,4,,,13,7
"LESA","Species","Least Sandpiper","Least Sandpiper","Bécasseau minuscule","Calidris minutilla",50.00,"2420",0,35.00,1,35,90,81,94,84,42,15,31,19,0,0,,,,,,,,50.00,,2,,,9,3
"LESC","Species","Lesser Scaup","Lesser Scaup","Petit Fuligule","Aythya affinis",22.00,"1490",0,15.00,1,15,0,0,0,0,0,0,0,0,0,0,,,,,,,,22.00,,1,,,1,1
"LEYE","Species","Lesser Yellowlegs","Lesser Yellowlegs","Petit Chevalier","Tringa flavipes",57.00,"2550",0,41.00,1,41,163,145,167,148,108,47,108,47,0,0,,,,,,,,57.00,,2,,,9,3
"LISP","Species","Lincoln's Sparrow","Lincoln's Sparrow","Bruant de Lincoln","Melospiza lincolnii",190.00,"5830",1,151.00,1,151,65,55,65,55,21,12,21,12,1,0,9,20,,107.00,,,,190.00,"A",12,,,30,18
"LSGO","Subspecies","Lesser Snow Goose","Lesser Snow Goose","Petite Oie des neiges","Anser caerulescens caerulescens",3.00,"1690",0,205.00,1,205,461,403,449,377,0,0,0,0,0,0,,,,,,,,3.00,,1,,,,1
"MALL","Species","Mallard","Mallard","Canard colvert","Anas platyrhynchos",16.00,"1320",1,9.00,1,9,0,0,0,0,0,0,0,0,0,0,0,1,"**",,,,,16.00,,1,,,1,1
"MAWA","Species","Magnolia Warbler","Magnolia Warbler","Paruline à tête cendrée","Setophaga magnolia",217.00,"6570",1,173.00,1,173,63,54,62,52,12,6,11,5,1,0,1086,18,,83.00,,,,217.00,"A",11,,,29,17
"MAWR","Species","Marsh Wren","Marsh Wren","Troglodyte des marais","Cistothorus palustris",145.00,"7250",1,114.00,1,114,57,45,54,42,14,8,14,8,0,0,0,13,,51.00,,,,145.00,,9,,,23,15
"MERL","Species","Merlin","Merlin","Faucon émerillon","Falco columbarius",106.00,"3570",1,77.00,1,77,209,178,227,199,216,122,281,165,0,0,0,29,,7.00,,,,106.00,,4,,,17,6
"MODO","Species","Mourning Dove","Mourning Dove","Tourterelle triste","Zenaida macroura",35.00,"3160",1,25.00,1,25,152,137,149,134,166,105,155,111,1,0,16,5,"**",12.00,,,,35.00,,4,,,11,9
"MOWA","Species","Mourning Warbler","Mourning Warbler","Paruline triste","Geothlypis philadelphia",211.00,"6790",1,168.00,1,168,64,56,63,55,18,10,15,9,1,0,7,18,,78.00,,,,211.00,"C",11,,,29,17
"MYWA","Species","Yellow-rumped (Myrtle) Warbler","Myrtle Warbler","Paruline à croupion jaune","Setophaga coronata coronata",228.00,"6550",1,183.00,1,183,78,70,75,62,19,10,17,9,0,0,721,18,,94.00,"Yellow-rumped Warbler",,"Setophaga coronata",228.00,"B",11,"Myrtle Warbler","YRWA",29,17
"NAWA","Species","Nashville Warbler","Nashville Warbler","Paruline à joues grises","Leiothlypis ruficapilla",209.00,"6450",1,166.00,1,166,63,54,62,51,11,6,11,6,1,0,1145,18,,76.00,,,,209.00,,11,,,29,17
"NHOW","Species","Northern Hawk Owl",,"Chouette épervière","Surnia ulula",90.00,"3770",0,,0,,,,,,,,,,0,0,,,,,,,,90.00,,,,,,
"NOCA","Species","Northern Cardinal","Northern Cardinal","Cardinal rouge","Cardinalis cardinalis",234.00,"5930",1,188.00,1,188,97,85,95,83,52,34,52,34,1,0,3202,30,"**",118.00,,,,234.00,,13,,,31,22
"NOGA","Species","Northern Gannet","Northern Gannet","Fou de Bassan","Morus bassanus",67.00,"1170",0,227.00,1,227,0,0,0,0,0,0,0,0,0,0,,,,,,,,67.00,,2,,,4,5
"NOGO","Species","Northern Goshawk","Northern Goshawk","Autour des palombes","Accipiter gentilis",81.00,"3340",0,59.00,1,59,346,302,387,336,1075,607,1301,734,0,0,,2,,,,,,81.00,,4,,,6,6
"NOHA","Species","Northern Harrier","Northern Harrier","Busard des marais","Circus hudsonius",78.00,"3310",0,56.00,1,56,360,322,400,362,481,270,664,303,0,0,,,,,,,,78.00,,4,,,6,6
"NOMO","Species","Northern Mockingbird","Northern Mockingbird","Moqueur polyglotte","Mimus polyglottos",161.00,"7030",0,119.00,1,119,122,103,118,99,62,42,58,39,0,0,,16,,,,,,161.00,,10,,,26,16
"NOPA","Species","Northern Parula","Northern Parula","Paruline à collier","Setophaga americana",216.00,"6480",1,172.00,1,172,62,54,59,53,12,6,12,6,1,0,32,18,,82.00,,,,216.00,,11,,,29,17
"NOPI","Species","Northern Pintail","Northern Pintail","Canard pilet","Anas acuta",13.00,"1430",0,11.00,1,11,0,0,0,0,0,0,0,0,0,0,,,,,,,,13.00,,1,,,1,1
"NOWA","Species","Northern Waterthrush","Northern Waterthrush","Paruline des ruisseaux","Parkesia noveboracensis",203.00,"6750",1,162.00,1,162,81,68,81,68,26,14,26,14,1,0,23,18,"*",70.00,,,,203.00,"A",11,,,29,17
"NRWS","Species","Northern Rough-winged Swallow","Northern Rough-winged Swallow","Hirondelle à ailes hérissées","Stelgidopteryx serripennis",132.00,"6170",1,100.00,1,100,118,105,112,100,20,14,0,0,0,0,0,11,,43.00,,,,132.00,,6,,,21,13
"NSHO","Species","Northern Shoveler","Northern Shoveler","Canard souchet","Spatula clypeata",12.00,"1420",0,6.00,1,6,0,0,0,0,0,0,0,0,0,0,,,,,,,,12.00,,1,,,1,1
"NSHR","Species","Northern Shrike","Northern Shrike","Pie-grièche boréale","Lanius borealis",118.00,"6210",1,93.00,1,93,121,110,117,106,75,47,75,47,0,0,23,9,,35.00,,,,118.00,,7,,,19,21
"NSWO","Species","Northern Saw-whet Owl","Northern Saw-whet Owl","Petite Nyctale","Aegolius acadicus",96.00,"3720",1,68.00,1,68,137,122,147,129,101,54,162,65,1,0,1100,6,,18.00,,,,96.00,,4,,,13,7
"OCWA","Species","Orange-crowned Warbler","Orange-crowned Warbler","Paruline verdâtre","Leiothlypis celata",208.00,"6460",1,165.00,1,165,62,56,61,53,11,7,12,7,1,0,9,18,,75.00,,,,208.00,"A",11,"Orange-cr. Warbler",,29,17
"OROR","Species","Orchard Oriole","Orchard Oriole","Oriole des vergers","Icterus spurius",195.00,"5060",0,206.00,1,206,83,73,79,69,26,18,26,16,0,0,,,,,,,,195.00,,,,,32,20
"OSFL","Species","Olive-sided Flycatcher","Olive-sided Flycatcher","Moucherolle à côtés olive","Contopus cooperi",110.00,"4590",1,79.00,1,79,117,103,110,96,0,0,0,0,0,0,0,8,,25.00,,,,110.00,,5,,,18,10
"OSPR","Species","Osprey","Osprey","Balbuzard pêcheur","Pandion haliaetus",76.00,"3640",0,54.00,1,54,492,433,526,453,0,0,0,0,0,0,,,,,,,,76.00,,4,,,6,6
"OVEN","Species","Ovenbird","Ovenbird","Paruline couronnée","Seiurus aurocapilla",201.00,"6740",1,161.00,1,161,78,67,78,67,28,16,23,15,1,0,1107,18,"**",68.00,,,,201.00,"C",11,,,29,17
"PAWA","Species","Palm Warbler","Palm Warbler","Paruline à couronne rousse","Setophaga palmarum",224.00,,0,221.00,1,221,,,,,,,,,0,0,,18,,92.00,,,,224.00,"B",11,,,29,17
"PBGR","Species","Pied-billed Grebe","Pied-billed Grebe","Grèbe à bec bigarré","Podilymbus podiceps",33.00,"0060",0,23.00,1,23,0,0,0,0,0,0,0,0,0,0,,,"**",,,,,33.00,,2,,,3,5
"PEFA","Species","Peregrine Falcon","Peregrine Falcon","Faucon pèlerin","Falco peregrinus",107.00,"3560",1,78.00,1,78,330,291,376,331,788,423,1063,590,0,0,,2,,,,,,107.00,,4,,,17,6
"PHVI","Species","Philadelphia Vireo","Philadelphia Vireo","Viréo de Philadelphie","Vireo philadelphicus",122.00,"6260",1,90.00,1,90,74,60,74,60,18,8,18,8,1,0,19,9,,39.00,,,,122.00,"C",7,,,19,11
"PIGR","Species","Pine Grosbeak","Pine Grosbeak","Durbec des sapins","Pinicola enucleator",168.00,"5150",1,133.00,1,133,125,104,120,101,63,49,63,49,0,0,,22,,,,,,168.00,,13,,,33,19
"PISI","Species","Pine Siskin","Pine Siskin","Tarin des pins","Spinus pinus",175.00,"5330",1,138.00,1,138,75,67,75,67,18,12,17,11,1,0,94,22,"**",127.00,,,,175.00,,13,,,33,19
"PIWA","Species","Pine Warbler","Pine Warbler","Paruline des pins","Setophaga pinus",227.00,"6710",1,182.00,1,182,78,68,74,64,14,10,14,9,0,0,0,18,,93.00,,,,227.00,,11,,,29,17
"PIWO","Species","Pileated Woodpecker","Pileated Woodpecker","Grand Pic","Dryocopus pileatus",104.00,"4050",1,74.00,1,74,255,220,243,210,0,0,0,0,0,0,3634,7,"**",24.00,,,,104.00,,3,,,16,8
"PUFI","Species","Purple Finch","Purple Finch","Roselin pourpré","Haemorhous purpureus",170.00,"5170",1,135.00,1,135,85,75,81,71,33,20,31,18,1,0,1825,22,"**",122.00,,,,170.00,"D",13,,,33,19
"PUMA","Species","Purple Martin","Purple Martin","Hirondelle noire","Progne subis",133.00,"6110",1,101.00,1,101,156,133,154,131,62,42,62,47,0,0,738,11,,,,,,133.00,,6,,,21,13
"RBGR","Species","Rose-breasted Grosbeak","Rose-breasted Grosbeak","Cardinal à poitrine rose","Pheucticus ludovicianus",235.00,"5950",1,189.00,1,189,105,94,105,92,65,37,64,34,1,0,2553,30,"**",119.00,,,,235.00,,13,"Rose-breast. Grosbeak",,31,22
"RBGU","Species","Ring-billed Gull","Ring-billed Gull","Goéland à bec cerclé","Larus delawarensis",59.00,"0540",1,42.00,1,42,392,346,369,330,496,381,496,381,0,0,0,,,,,,,59.00,,2,,,10,4
"RBME","Species","Red-breasted Merganser","Red-breasted Merganser","Harle huppé","Mergus serrator",30.00,"1300",0,20.00,1,20,0,0,0,0,0,0,0,0,0,0,,,,,,,,30.00,,1,,,1,1
"RBNU","Species","Red-breasted Nuthatch","Red-breasted Nuthatch","Sittelle à poitrine rousse","Sitta canadensis",139.00,"7280",1,108.00,1,108,70,65,68,63,15,6,13,8,1,0,208,12,,47.00,,,,139.00,"D",9,,,22,14
"RBWO","Species","Red-bellied Woodpecker","Red-bellied Woodpecker","Pic à ventre roux","Melanerpes carolinus",98.00,"4090",1,71.00,1,71,139,122,133,118,86,65,83,61,0,0,154,7,,19.00,,,,98.00,,3,,,16,8
"RCKI","Species","Ruby-crowned Kinglet","Ruby-crowned Kinglet","Roitelet à couronne rubis","Regulus calendula",149.00,"7490",1,106.00,1,106,62,55,59,52,9,5,9,5,1,0,43,14,,54.00,,,,149.00,"B",9,"Ruby-cr. Kinglet",,24,14
"RECR","Species","Red Crossbill","Red Crossbill","Bec-croisé des sapins","Loxia curvirostra",173.00,"5210",0,210.00,1,210,,,,,,,,,0,0,,22,,,,,,173.00,,13,,,33,19
"REDH","Species","Redhead","Redhead","Fuligule à tête rouge","Aythya americana",19.00,,0,215.00,1,215,,,,,,,,,0,0,,,,,"Redhead",,,19.00,,1,,"REDH",1,1
"REVI","Species","Red-eyed Vireo","Red-eyed Vireo","Viréo aux yeux rouges","Vireo olivaceus",124.00,"6240",1,92.00,1,92,84,72,84,72,28,14,25,13,1,0,2560,9,"**",40.00,,,,124.00,"C",7,,,19,11
"RLHA","Species","Rough-legged Hawk","Rough-legged Hawk","Buse pattue","Buteo lagopus",86.00,"3470",0,64.00,1,64,425,378,448,420,0,0,0,0,0,0,,2,,,,,,86.00,,4,,,6,6
"RNDU","Species","Ring-necked Duck","Ring-necked Duck","Fuligule à collier","Aythya collaris",20.00,"1500",0,13.00,1,13,0,0,0,0,0,0,0,0,0,0,,,,,,,,20.00,,1,,,1,1
"ROGO","Species","Ross's Goose","Ross's Goose","Oie de Ross","Anser rossii",4.00,"1700",0,196.00,1,196,396,346,380,330,0,0,0,0,0,0,,,,,,,,4.00,,1,,,1,1
"ROPI","Species","Rock Pigeon","Rock Pigeon","Pigeon biset","Columba livia",34.00,"3131",0,24.00,1,24,,,,,,,,,0,0,,5,,,,,,34.00,,4,,,11,9
"RSHA","Species","Red-shouldered Hawk","Red-shouldered Hawk","Buse à épaulettes","Buteo lineatus",83.00,"3390",1,61.00,1,61,341,272,360,287,895,439,895,439,0,0,0,2,"*",4.00,,,,83.00,,4,,,6,6
"RTHA","Species","Red-tailed Hawk","Red-tailed Hawk","Buse à queue rousse","Buteo jamaicensis",85.00,"3370",0,63.00,1,63,430,321,455,339,1726,641,1726,641,0,0,,2,,,,,,85.00,,4,,,6,6
"RTHU","Species","Ruby-throated Hummingbird","Ruby-throated Hummingbird","Colibri à gorge rubis","Archilochus colubris",41.00,"4280",1,30.00,1,30,46,38,48,43,4,2,5,3,0,0,758,25,"**",13.00,,,,41.00,,4,"Ruby-th. Hummingbird",,15,9
"RUBL","Species","Rusty Blackbird","Rusty Blackbird","Quiscale rouilleux","Euphagus carolinus",199.00,"5090",1,159.00,1,159,118,110,110,101,80,45,77,46,1,0,2,21,,114.00,,,,199.00,"B",14,,,32,20
"RUGR","Species","Ruffed Grouse","Ruffed Grouse","Gélinotte huppée","Bonasa umbellus",31.00,"3000",0,21.00,1,21,,,,,,,,,0,0,,,"*",,,,,31.00,,4,,,2,9
"RWBL","Species","Red-winged Blackbird","Red-winged Blackbird","Carouge à épaulettes","Agelaius phoeniceus",197.00,"4980",1,157.00,1,157,127,110,104,91,87,42,55,29,1,0,2940,21,"**",113.00,,,,197.00,"D",14,"Red-wing. Blackbird",,32,20
"SACR","Species","Sandhill Crane","Sandhill Crane","Grue du Canada","Antigone canadensis",45.00,"2060",0,33.00,1,33,573,443,554,421,0,0,0,0,0,0,,,,,,,,45.00,,2,,,8,2
"SAVS","Species","Savannah Sparrow","Savannah Sparrow","Bruant des prés","Passerculus sandwichensis",188.00,"5420",1,149.00,1,149,72,62,72,62,21,17,19,15,1,0,,20,,105.00,,,,188.00,"A",12,,,30,18
"SBDO","Species","Short-billed Dowhitcher","Short-billed Dowhitcher","Bécassin roux","Limnodromus griseus",52.00,,0,235.00,1,235,,,,,,,,,0,0,,,,,,,,52.00,,2,,,9,3
"SCJU","Species","Dark-eyed (Slate-colored) Junco","Slate-colored Junco","Junco ardoisé","Junco hyemalis hyemalis",184.00,"5670",1,145.00,1,145,81,71,77,68,30,14,25,14,1,0,2533,20,,111.00,"Dark-eyed Junco",,"Junco hyemalis",184.00,"B",12,,"DEJU",30,18
"SCTA","Species","Scarlet Tanager","Scarlet Tanager","Piranga écarlate","Piranga olivacea",233.00,"6080",1,187.00,1,187,97,88,95,87,38,23,36,22,1,0,12,30,"*",99.00,,,,233.00,,13,,,31,22
"SEOW","Species","Short-eared Owl","Short-eared Owl","Hibou des marais","Asio flammeus",94.00,"3670",1,,0,,326,298,331,305,0,0,0,0,0,0,0,,,,,,,94.00,,,,,,
"SEPL","Species","Semipalmated Plover","Semipalmated Plover","Pluvier semipalmé","Charadrius semipalmatus",48.00,"2740",0,220.00,1,220,130,110,131,111,64,27,64,27,0,0,,,,,,,,48.00,,2,,,9,3
"SESA","Species","Semipalmated Sandpiper","Semipalmated Sandpiper","Bécasseau semipalmé","Calidris pusilla",51.00,"2460",0,211.00,1,211,,,,,,,,,0,0,,,,,,,,51.00,,2,,,,3
"SEWR","Species","Sedge Wren","Sedge Wren","Troglodyte à bec court","Cistothorus platensis",144.00,"7240",0,207.00,1,207,48,42,46,40,10,8,10,8,0,0,,,,,,,,144.00,,9,,,23,15
"SNBU","Species","Snow Bunting","Snow Bunting","Plectrophane des neiges","Plectrophenax nivalis",178.00,"5340",1,140.00,1,140,114,97,106,93,45,29,40,27,1,0,2184,24,,,,,,178.00,,12,,,28,21
"SNGO","Species","Snow Goose","Snow Goose","Oie des neiges","Anser caerulescens",1.00,,0,204.00,1,204,,,,,,,,,0,0,,,,,,,,1.00,,1,,,1,1
"SNOW","Species","Snowy Owl",,"Harfang des neiges","Bubo scandiacus",89.00,"3760",0,,0,,,,,,,,,,0,0,657,,,,,,,89.00,,,,,,
"SORA","Species","Sora","Sora","Marouette de Caroline","Porzana carolina",43.00,"2140",0,32.00,1,32,115,101,109,96,84,53,84,53,0,0,,,"**",,,,,43.00,,2,,,7,2
"SOSA","Species","Solitary Sandpiper","Solitary Sandpiper","Chevalier solitaire","Tringa solitaria",56.00,"2560",1,39.00,1,39,140,121,147,126,61,40,61,40,0,0,,3,,9.00,,,,56.00,,2,,,9,3
"SOSP","Species","Song Sparrow","Song Sparrow","Bruant chanteur","Melospiza melodia",189.00,"5810",1,150.00,1,150,69,60,66,57,26,17,25,15,1,0,2812,20,"**",106.00,,,,189.00,"D",12,,,30,18
"SPSA","Species","Spotted Sandpiper","Spotted Sandpiper","Chevalier grivelé","Actitis macularius",55.00,"2630",1,38.00,1,38,105,95,110,99,58,31,61,34,0,0,0,3,"*",,,,,55.00,,2,,,9,3
"SSHA","Species","Sharp-shinned Hawk","Sharp-shinned Hawk","Épervier brun","Accipiter striatus",79.00,"3320",1,57.00,1,57,177,159,207,191,140,75,232,128,1,0,2,2,,2.00,,,,79.00,,4,,,6,6
"SWSP","Species","Swamp Sparrow","Swamp Sparrow","Bruant des marais","Melospiza georgiana",191.00,"5840",1,152.00,1,152,64,56,61,52,20,15,19,13,1,0,1840,20,"**",108.00,,,,191.00,"B",12,,,30,18
"SWTH","Species","Swainson's Thrush","Swainson's Thrush","Grive à dos olive","Catharus ustulatus",155.00,"7580",1,124.00,1,124,102,88,102,88,46,24,44,22,1,0,1506,15,,58.00,,,,155.00,"A",10,,,25,16
"TEWA","Species","Tennessee Warbler","Tennessee Warbler","Paruline obscure","Leiothlypis peregrina",207.00,"6470",1,164.00,1,164,68,58,66,56,15,8,13,7,1,0,1129,18,,74.00,,,,207.00,"A",11,,,29,17
"TOSO","Species","Townsend's Solitaire","Townsend's Solitaire","Solitaire de Townsend","Myadestes townsendi",151.00,"7540",0,219.00,1,219,123,109,117,107,0,0,0,0,0,0,,,,,,,,151.00,,10,,,25,16
"TRES","Species","Tree Swallow","Tree Swallow","Hirondelle bicolore","Tachycineta bicolor",131.00,"6140",1,102.00,1,102,123,111,119,105,25,17,25,17,1,0,1455,11,"**",42.00,,,,131.00,"C",6,,,21,13
"TRFL","Superspecies","Traill's Flycatcher","Traill's Flycatcher (Willow or Alder)","Moucherolle des saules ou M. des aulnes","Empidonax traillii or alnorum",113.00,"4669",1,83.00,1,83,76,64,76,64,17,10,17,10,1,0,1508,8,"####",33.00,,,,113.00,,5,,,,10
"TUSW","Species","Tundra Swan","Tundra Swan","Cygne siffleur","Cygnus columbianus",9.00,"1800",0,198.00,1,198,,,,,,,,,0,0,,,,,,,,9.00,,1,,,1,1
"TUTI","Species","Tufted Titmouse","Tufted Titmouse","Mésange bicolore","Baeolophus bicolor",138.00,"7310",1,98.00,1,98,,,,,,,,,0,0,5,12,,,,,,138.00,,9,,,22,14
"TUVU","Species","Turkey Vulture","Turkey Vulture","Urubu à tête rouge","Cathartes aura",75.00,"3250",0,53.00,1,53,544,461,553,464,0,0,0,0,0,0,,,"**",,,,,75.00,,4,,,5,6
"USCA","Superspecies","Unidentified Scaup sp.","Unidentified Scaup","Aythya sp.","Aythya sp.",23.00,,0,,1,,,,,,,,,,0,0,,,,,,,,23.00,,1,,,,1
"VEER","Species","Veery","Veery","Grive fauve","Catharus fuscescens",152.00,"7560",1,121.00,1,121,100,88,100,88,46,26,44,26,1,0,2232,15,"**",55.00,,,,152.00,,10,,,25,16
"VESP","Species","Vesper Sparrow","Vesper Sparrow","Bruant vespéral","Pooecetes gramineus",187.00,"5400",0,148.00,1,148,87,74,84,72,31,20,31,20,0,0,,20,,,,,,187.00,,12,,,30,18
"VIRA","Species","Virginia Rail","Virginia Rail","Râle de Virginie","Rallus limicola",42.00,"2120",0,31.00,1,31,113,99,107,93,114,68,114,68,0,0,0,,"**",,,,,42.00,,2,,,7,2
"WAVI","Species","Warbling Vireo","Warbling Vireo","Viréo mélodieux","Vireo gilvus",123.00,"6270",1,91.00,1,91,77,65,77,65,18,11,18,11,1,0,2157,9,"**",38.00,,,,123.00,"C",7,,,19,11
"WBNU","Species","White-breasted Nuthatch","White-breasted Nuthatch","Sittelle à poitrine blanche","Sitta carolinensis",140.00,"7270",1,109.00,1,109,93,86,91,85,30,17,30,16,1,0,1613,12,"**",46.00,,,,140.00,,9,"White-breast. Nuthatch",,22,14
"WEVI","Species","White-eyed Vireo","White-eyed Vireo","Viréo aux yeux blancs","Vireo griseus",119.00,"6310",0,200.00,1,200,65,55,63,54,16,10,16,10,0,0,36,9,,,,,,119.00,,7,,,19,11
"WEWA","Species","Worm-eating Warbler","Worm-eating Warbler","Paruline vermivore","Helmitheros vermivorum",202.00,"6390",1,209.00,1,209,,,,,,,,,0,0,,18,,69.00,,,,202.00,,11,,,29,17
"WIFL","Species","Willow Flycatcher","Willow Flycatcher","Moucherolle des saules","Empidonax traillii",115.00,"4660",1,84.00,1,84,74,67,71,63,0,0,0,0,0,0,0,8,,32.00,,,,115.00,,5,,,18,10
"WISN","Species","Wilson's Snipe","Wilson's Snipe","Bécassine de Wilson","Gallinago delicata",54.00,"2300",0,37.00,1,37,,,,,,,,,0,0,,3,,,,,,54.00,,2,,,9,3
"WITU","Species","Wild Turkey","Wild Turkey","Dindon sauvage","Meleagris gallopavo",32.00,"3100",0,22.00,1,22,,,,,,,,,0,0,,,,,,,,32.00,,4,,,2,9
"WIWA","Species","Wilson's Warbler","Wilson's Warbler","Paruline à calotte noire","Cardellina pusilla",231.00,"6850",1,186.00,1,186,57,50,55,50,11,6,12,5,1,0,8,18,,97.00,,,,231.00,"A",11,,,29,17
"WIWR","Species","Winter Wren","Winter Wren","Troglodyte des forêts","Troglodytes hiemalis",143.00,"7220",1,113.00,1,113,51,42,51,42,13,7,13,7,1,0,8,13,,50.00,,,,143.00,"D",9,,,23,15
"WODU","Species","Wood Duck","Wood Duck","Canard branchu","Aix sponsa",10.00,"1440",0,4.00,1,4,0,0,0,0,0,0,0,0,0,0,0,1,"**",1.00,,,,10.00,,1,,,1,1
"WOTH","Species","Wood Thrush","Wood Thrush","Grive des bois","Hylocichla mustelina",157.00,"7550",1,126.00,1,126,110,97,110,97,61,40,60,40,1,0,1094,15,"**",60.00,,,,157.00,,10,,,25,16
"WPWA","Subspecies","Western Palm Warbler","Western Palm Warbler","Paruline à couronne rousse (forme de l'Ouest)","Setophaga palmarum palmarum",225.00,"6720",1,180.00,1,180,68,58,68,58,13,8,13,8,1,0,19,18,,90.00,,,,225.00,,11,"West. Palm Warbler",,,17
"WTSP","Species","White-throated Sparrow","White-throated Sparrow","Bruant à gorge blanche","Zonotrichia albicollis",186.00,"5580",1,147.00,1,147,78,69,72,64,36,22,30,19,0,0,757,20,"*",109.00,,,,186.00,"B",12,"White-thr. Sparrow",,30,18
"WWCR","Species","White-winged Crossbill","White-winged Crossbill","Bec-croisé bifascié","Loxia leucoptera",174.00,"5220",0,137.00,1,137,93,83,90,80,0,0,0,0,0,0,0,22,,124.00,,,,174.00,,13,,,33,19
"WWSC","Species","White-winged Scoter","White-winged Scoter","Macreuse brune","Melanitta deglandi",24.00,"1650",0,16.00,1,16,0,0,0,0,0,0,0,0,0,0,,,,,,,,24.00,,1,,,1,1
"YBCU","Species","Yellow-billed Cuckoo","Yellow-billed Cuckoo","Coulicou à bec jaune","Coccyzus americanus",36.00,"3870",1,26.00,1,26,154,131,159,135,85,38,85,38,0,0,0,4,,11.00,,,,36.00,,4,,,12,9
"YBFL","Species","Yellow-bellied Flycatcher","Yellow-bellied Flycatcher","Moucherolle à ventre jaune","Empidonax flaviventris",112.00,"4630",1,81.00,1,81,69,59,69,59,14,9,14,9,1,0,7,8,,30.00,,,,112.00,"A",5,"Yellow-bel. Flycatcher",,18,10
"YBSA","Species","Yellow-bellied Sapsucker","Yellow-bellied Sapsucker","Pic maculé","Sphyrapicus varius",100.00,"4020",1,70.00,1,70,126,115,124,113,60,37,59,36,1,0,1123,7,"**",20.00,,,,100.00,"A",3,"Yellow-bel. Sapsucker",,16,8
"YEWA","Species","Yellow Warbler","Yellow Warbler","Paruline jaune","Setophaga petechia",220.00,"6520",1,176.00,1,176,66,56,64,55,15,9,13,9,1,0,2864,18,"**",86.00,,,,220.00,"C",11,,,29,17
"YPWA","Subspecies","Yellow Palm Warbler","Yellow Palm Warbler","Paruline à couronne rousse (forme de l'Est)","Setophaga palmarum hypochrysea",226.00,"6729",1,181.00,1,181,68,59,68,59,13,9,13,9,1,0,9,18,,91.00,,,,226.00,,11,,,,17
"YSFL","Species","Yellow-shafted Flicker","Yellow-shafted Flicker","Pic flamboyant","Colaptes auratus auratus",103.00,"4120",1,75.00,1,75,158,140,164,151,167,104,157,99,1,0,711,7,"**",23.00,"Northern Flicker",,"Colaptes auratus",103.00,"D",3,,"NOFL",16,8
"YTVI","Species","Yellow-throated Vireo","Yellow-throated Vireo","Viréo à gorge jaune","Vireo flavifrons",120.00,"6280",1,208.00,1,208,81,71,79,70,21,16,21,16,0,0,0,9,,36.00,,,,120.00,,,,,19,11
